3000 60
50 200406 G 1772.11 9 200509 G
1799.16 31 201007 G 780.29 18 199905
R 1883.65 0 200707 R 531.97 35
201003 R 609.15 23 201109 I 1063.45
19 201705 R 14.51 1 200903 R
118.25 53 200709 G 1729.66 57 201305
G 709.29 42 200910 I 1637.83 56
200607 G 1827.87 24 201109 I 250.47
52 200801 R 37.80 19 201711 R
984.21 17 200404 G 3.14 25 201203
I 134.38 13 200211 I 385.20 3
201301 I 352.92 28 201509 R 910.39
41 201509 I 1356.57 55 201102 I
1236.14 38 199810 G 1485.25 22 200403
I 502.22 56 200004 I 648.85 40
201411 I 146.88 36 201510 I 1514.10
33 201505 R 690.88 7 201802 I
76.37 17 200908 R 893.12 17 200303
G 1659.56 43 200003 R 1478.81 15
200205 I 1054.26 51 199804 I 1120.30
28 199904 R 1956.32 14 200509 I
1801.41 57 200406 G 430.33 3 201102
I 632.26 4 201709 R 303.69 50
201012 I 1054.12 3 200905 R 660.30
43 199905 I 1970.62 26 201402 G
1087.92 23 200610 G 215.57 8 201409
I 950.34 1 200809 G 1389.77 7
200511 R 579.97 2 201001 R 261.37
34 200110 R 910.28 27 201506 G
1901.24 25 200711 I 1371.95 34 199803
G 1095.20 4 200111 R 605.41 47
200503 G 1474.52 12 200707 G 554.11
52 199802 G 614.88 56 200602 R
887.41 11 200004 I 275.31 1 201605
I 522.40 44 200102 G 585.84 41
201510 G 145.42 9 200602 R 1283.72
6 201207 I 572.93 29 201204 R
1760.10 16 201805 R 1710.28 1 199812
R 603.71 38 201607 R 466.41 46
200111 G 1857.75 33 199705 I 1457.53
35 200302 G 1057.89 56 200207 I
376.96 9 200803 G 660.14 12 201708
G 947.83 7 201608 G 1560.70 46
200204 I 1921.93 47 201809 I 235.68
19 200606 I 1692.81 41 200010 R
415.16 50 200305 I 65.86 57 201206
R 990.32 43 200605 I 1883.13 3
200908 G 1933.33 36 199710 I 468.66
4 201308 R 723.20 33 201511 G
810.75 51 201407 I 1151.56 44 200610
G 336.53 54 199910 G 1686.14 10
200503 G 960.63 38 201311 R 189.87
1 201307 G 158.54 46 200006 G
1636.62 36 200911 I 674.11 28 200008
R 3.27 46 201703 I 933.34 23
200107 R 625.49 26 201207 R 1828.39
37 200608 R 488.86 22 200903 G
38.41 39 200306 G 411.27 50 201304
R 1101.76 28 201502 R 1730.79 30
200211 I 1990.97 27 200712 I 1553.69
25 199703 I 261.13 18 201507 I
1606.32 39 199808 R 1597.90 9 199907
R 1936.45 44 201702 G 1178.98 42
199907 R 916.43 16 200405 I 818.24
58 201411 I 1333.23 56 201611 R
720.14 1 200909 I 1267.69 19 200705
I 812.73 22 199808 I 1964.47 48
200801 I 743.45 25 201007 G 1453.16
7 200208 I 801.91 54 200101 I
554.66 13 199802 G 529.87 40 201308
I 1861.85 53 200307 R 1456.16 32
200810 I 337.60 15 200210 G 1235.22
11 200308 I 1587.83 55 200410 R
1310.10 35 201706 R 1388.97 24 199811
R 1517.31 44 200106 R 476.10 27
199908 G 416.50 28 200203 I 844.19
56 200404 R 1096.77 3 201203 I
1820.17 32 200307 G 54.25 14 199905
G 441.62 48 200401 G 1552.45 16
201007 R 503.73 51 200304 R 1100.27
38 200201 R 560.39 52 201710 I
572.88 11 200011 I 779.49 58 201305
G 1879.96 14 201102 G 1040.32 11
200306 I 1653.18 23 199711 R 1897.19
22 200610 G 1479.88 22 201308 R
1493.67 30 201304 G 101.10 52 200403
G 446.79 1 200505 Q 491.45 48
200012 R 650.56 22 201607 G 1438.15
18 201704 I 276.19 57 200705 I
651.51 54 201404 R 38.63 28 200301
I 1913.76 3 201409 I 1718.41 42
200703 G 1895.97 21 200804 I 1698.81
25 200408 R 1694.66 9 200509 G
1329.32 18 200011 G 410.82 59 201211
G 1249.73 7 201303 G 968.19 7
201411 R 521.67 26 199806 R 364.14
48 200310 I 1044.71 34 201309 R
250.34 41 201005 I 1778.24 39 201408
I 1137.91 17 201608 I 1834.92 29
201608 I 248.10 12 201204 R 1414.82
5 201204 R 1638.18 42 201304 G
557.13 22 200003 G 1564.11 41 201410
G 1251.34 28 201507 R 1093.13 22
201308 R 342.41 35 201601 I 967.26
31 199902 I 717.40 23 201205 R
1818.30 3 200002 R 483.14 57 200008
R 366.63 10 200202 G 374.10 18
201706 G 715.97 14 200602 I 1036.70
41 201403 I 1151.81 11 200007 G
862.13 10 201303 G 967.88 8 201202
G 446.62 46 201609 R 1014.89 51
199807 G 956.33 49 200712 I 1828.67
9 199705 G 1882.36 43 200611 R
484.11 11 201203 R 1185.71 7 199905
G 938.12 25 200201 R 173.16 6
201507 G 1428.94 7 200310 I 615.11
24 201709 I 1408.67 13 200204 R
1522.57 11 200504 R 751.64 50 200611
I 1500.78 59 201510 R 1248.40 48
200411 I 1833.32 32 200103 I 1287.70
37 200103 R 1120.87 20 200005 R
1758.11 39 201610 G 274.13 21 201101
G 865.77 5 200810 G 883.11 3
200507 I 438.78 7 200604 I 1560.89
41 199711 G 1888.52 58 201005 R
1594.82 43 200311 G 1852.49 59 200110
I 1880.74 3 199907 I 1636.93 29
201306 G 322.32 12 201707 G 937.34
16 200502 G 15.14 9 200303 I
172.37 14 200110 G 773.50 41 200205
R 1357.35 46 200904 I 191.57 17
201306 R 1978.36 44 201511 R 273.18
18 199810 I 923.31 18 199706 R
887.70 19 201012 R 1954.97 67 201011
G 770.60 57 200105 I 1567.28 58
201309 I 47.39 46 200304 I 1306.84
21 200505 G 770.57 25 201111 R
1155.28 9 201702 I 1893.50 34 200911
G 1405.11 6 200210 R 219.27 52
199810 I 157.65 37 199801 R 416.97
37 200306 I 315.23 4 200403 I
490.57 44 200905 I 80.98 37 200505
R 1253.91 33 201410 G 1228.32 43
200908 R 1292.58 37 201507 R 1234.38
9 200601 R 325.80 40 200307 G
210.65 22 199805 I 157.95 29 201104
I 873.40 5 201505 G 1671.14 45
200208 G 862.11 6 200110 I 899.80
12 200111 I 729.37 13 201302 G
297.67 3 200006 R 824.37 58 200408
G 805.53 49 201106 R 1295.15 21
200806 G 1618.14 50 200008 R 327.13
51 200309 I 1354.63 31 201404 R
1601.97 27 201305 G 1846.72 45 201002
I 792.10 25 201506 I 767.40 59
201707 G 1452.65 63 200910 G 166.66
19 200911 I 1063.44 8 200303 I
1996.26 15 200902 R 1786.41 20 201612
R 1133.72 22 201108 R 163.51 12
201107 R 774.69 56 200202 I 1676.94
38 201108 R 734.20 20 200802 G
297.28 40 200908 R 609.86 31 200202
R 120.26 44 200909 G 100.91 38
200705 R 1499.12 54 200705 I 276.17
56 200901 R 781.58 55 200903 G
964.17 49 201508 I 70.96 40 199910
R 37.27 18 201609 G 1771.67 37
201702 I 1346.39 16 199811 G 1551.63
17 200404 I 1971.18 5 200601 R
1994.12 21 199906 I 436.56 39 201209
I 123.76 36 199708 G 1156.95 23
200803 R 952.70 40 201409 R 1574.15
56 201112 R 151.82 16 199803 G
1652.90 24 200004 I 1757.34 1 200910
R 1104.75 39 200609 G 1311.28 49
201303 I 270.86 34 200403 G 796.94
43 200904 G 755.73 55 200205 R
1900.19 19 201203 R 716.15 25 201609
R 1510.35 18 201309 R 1286.15 13
201506 R 1141.51 31 200303 I 1131.40
44 201412 G 436.90 4 200006 G
125.53 41 199707 I 1623.12 49 201109
R 1179.12 14 201305 I 344.45 54
200705 R 527.14 20 200808 G 1406.44
0 201102 R 1099.95 14 201608 R
1303.20 36 199701 R 1803.25 45 200210
I 403.46 11 200104 R 1677.73 7
201407 G 1201.11 52 200909 G 2.46
50 201307 R 1657.24 21 201008 G
1422.31 46 199904 I 662.34 43 201609
R 149.66 29 201205 I 1261.16 19
200309 G 1746.12 30 201708 R 957.40
32 200112 I 989.60 58 201507 G
1530.21 10 200106 R 1337.90 46 200607
R 318.45 48 201603 G 68.12 35
200502 I 262.81 23 201202 I 764.15
35 201005 G 1368.69 21 201711 R
654.18 33 201103 I 1575.80 20 199903
R 530.44 8 201010 R 238.31 43
201506 R 137.46 23 200403 I 1968.83
32 201601 R 1061.80 8 201311 I
1419.15 29 201711 G 1647.24 6 201204
I 385.52 29 200605 R 559.15 32
200207 G 653.90 6 201202 R 895.30
4 201408 R 1733.10 42 200208 R
199.26 21 200007 I 117.27 35 201307
G 70.11 40 200110 G 1344.55 26
199706 R 1105.58 43 201403 R 1899.85
26 199802 R 714.80 1 199705 I
1374.65 15 199803 R 930.76 48 200602
R 214.18 4 199806 R 1033.77 51
200112 I 1317.19 37 201505 G 1320.49
24 200610 G 934.89 42 200103 R
1475.47 3 200802 I 1164.70 0 200008
G 1167.60 27 200706 I 1707.22 40
201208 I 432.44 58 201108 G 18.58
33 201312 D 1133.18 49 199703 R
1879.51 34 200102 G 664.85 36 200008
R 269.12 45 200403 R 1678.12 4
200205 G 1236.64 51 201504 R 676.80
48 201409 G 629.32 52 199702 G
119.26 7 201106 R 1026.40 41 200006
R 1867.11 47 200307 R 169.60 5
200304 R 540.96 30 200812 I 1063.12
16 201005 G 716.25 16 200405 I
982.86 26 201707 I 830.78 40 201009
I 322.92 51 199812 G 1767.74 12
201009 R 1235.16 7 200807 G 382.44
28 200108 R 139.11 41 200406 R
902.87 15 200405 G 124.39 55 199907
G 1302.85 38 199808 R 35.13 29
200505 I 391.89 54 200901 R 896.95
32 201208 R 1590.94 3 200707 G
729.40 13 201201 I 1446.73 18 201607
G 1934.25 40 201302 R 101.85 36
200305 G 72.14 21 200007 R 1825.89
35 201602 G 453.19 52 201205 R
1110.11 44 200402 G 284.86 47 200511
I 1652.97 17 200907 G 870.17 34
199708 G 1784.27 38 201802 G 999.13
22 201409 G 881.28 4 200511 G
425.43 19 200010 R 948.14 36 200211
I 143.12 42 200412 R 188.93 30
199909 I 754.67 36 201307 I 48.95
32 201503 I 161.14 34 201011 R
1870.32 16 201702 G 1012.15 7 199808
G 1187.60 37 200008 G 260.86 14
199907 I 385.83 46 200708 R 539.20
8 200907 R 1228.12 35 201204 G
1383.37 2 200105 R 1258.90 54 200304
R 1464.44 22 199902 I 1321.60 52
201403 G 948.49 34 201806 G 579.21
16 201802 I 803.48 35 200803 R
1383.85 54 200605 R 895.18 7 200001
I 293.73 35 201006 I 1331.29 2
201209 R 1004.36 34 200706 I 366.34
8 200407 R 1779.13 1 200106 I
1702.12 54 200212 I 634.19 3 200408
G 1975.16 7 201406 R 494.38 5
200204 R 1895.46 37 199810 R 1466.29
25 201505 I 921.56 6 201503 R
721.28 25 200205 G 1301.48 56 201110
R 847.71 3 200010 I 341.15 12
200905 R 54.92 47 199703 I 1603.11
58 200410 I 23.19 44 201502 I
914.17 12 201811 R 1519.63 39 200412
R 561.54 17 200505 I 1117.87 26
201201 G 1568.21 24 200011 G 889.67
14 201804 R 1051.61 34 200807 G
108.85 42 200808 R 1560.38 22 200404
G 1743.17 46 200607 R 1826.77 57
199901 R 1741.52 30 199707 R 705.86
22 201011 R 125.64 52 200706 R
949.65 31 200903 I 313.18 30 200402
G 24.94 33 200008 I 792.50 42
199708 G 1395.39 2 200707 I 1660.58
49 200009 R 880.64 15 201402 G
339.95 48 200201 I 599.73 56 201506
I 1835.17 59 199712 I 336.59 17
200704 I 1938.67 20 200110 G 1702.95
15 201605 G 433.48 40 201704 G
1959.74 37 201509 R 1822.12 41 200611
R 690.71 33 200004 R 605.25 33
200306 G 1884.24 37 199705 G 316.60
11 200711 G 722.98 21 201011 R
1969.31 20 200612 R 331.98 51 199901
G 1536.54 34 199807 R 669.11 4
201203 I 196.61 28 200310 R 1824.11
27 200603 I 1512.63 10 201706 R
1573.16 48 199810 R 1219.31 37 201710
R 526.82 51 200606 I 1234.97 15
200911 R 1620.71 56 200004 I 364.14
24 200104 I 930.55 13 201811 G
1199.11 32 200801 R 1718.14 38 201109
I 1048.26 53 201708 G 740.14 56
201510 R 1538.77 15 200509 I 378.49
52 200109 G 1743.24 33 200003 R
425.63 30 201109 I 1500.37 2 200411
G 919.42 20 200606 G 385.74 53
201001 R 1390.67 9 200305 G 1405.92
4 199807 R 1694.11 1 200212 I
1875.50 42 199804 G 1914.89 25 201405
R 433.95 11 201208 I 1903.23 55
201112 I 600.54 38 201602 I 537.44
19 200604 I 1617.16 11 201608 I
401.36 54 201704 S 887.63 43 201511
G 452.93 19 199710 R 773.45 21
200006 I 929.89 8 200410 R 909.42
31 201403 G 1768.21 22 200805 G
1766.23 12 201409 G 56.50 1 201701
R 238.40 23 201510 I 1569.15 39
199905 G 800.65 54 201306 I 967.80
13 200908 G 1555.44 34 200107 R
1425.78 22 199907 R 1257.90 2 200711
R 950.85 3 200510 G 565.50 55
200502 I 95.67 58 200409 G 1735.33
38 199908 G 1952.78 40 200610 I
721.64 41 200305 R 1275.18 41 201607
R 1357.18 41 201702 G 1515.76 58
201709 G 1796.17 37 201509 I 1522.11
27 200902 R 1064.83 6 201305 G
1912.68 22 200911 R 687.57 15 200412
I 407.17 24 200510 G 1570.62 11
200010 Q 1509.20 3 201104 G 110.51
16 201202 I 629.98 51 200411 I
1995.12 56 201506 R 12.69 5 200905
G 1745.20 13 201108 I 836.30 55
200102 G 1557.19 52 201711 R 964.46
23 200306 R 1282.37 15 201301 I
47.11 58 200004 R 1934.43 27 201712
G 1341.60 39 200410 I 600.18 37
201705 I 1501.91 42 201303 R 1371.31
47 201205 G 96.53 37 201605 I
1559.82 56 200610 I 1142.11 32 201704
G 1260.21 9 201308 I 801.92 52
199703 G 153.48 1 199702 G 498.25
19 201410 G 1916.18 36 200811 R
124.26 48 200003 I 1112.17 44 201107
I 1391.32 50 201502 G 149.34 13
200808 G 1311.34 29 201608 R 1205.48
55 200106 I 1754.15 36 201508 I
21.62 18 199811 G 1560.16 37 200908
R 1152.96 17 201811 I 1179.67 54
200310 R 1391.15 3 200212 R 1880.66
0 201608 R 376.87 41 201006 I
1730.43 51 200205 I 1490.35 37 201111
G 869.69 1 200411 R 1037.43 14
201508 R 302.69 15 199803 G 953.43
33 200903 G 711.36 48 200611 G
1204.32 51 199703 G 1261.34 29 200804
I 1016.80 5 201709 R 1246.98 20
201105 G 1491.93 49 201305 I 664.17
8 201010 G 172.19 54 201407 G
1870.67 27 201809 R 1581.67 27 201312
G 1206.45 3 200109 I 1767.60 7
200304 R 1593.84 6 200304 R 1180.89
53 201002 I 702.87 46 200711 R
1067.36 52 199902 I 1160.83 12 201009
R 107.79 52 199907 R 719.32 13
200402 G 507.55 18 200302 I 1808.79
36 201504 I 1151.69 51 201608 G
688.78 1 200004 G 206.27 45 201310
I 1880.40 36 201806 I 632.12 25
200705 R 1988.74 4 200102 I -872.50
22 200610 G 1936.14 49 200204 G
1778.70 47 199708 R 1142.31 10 200806
G 388.23 24 199811 I 906.25 47
200901 G 1379.76 21 200011 G 1800.70
54 201407 G 1094.20 30 201408 I
923.18 11 201207 I 814.65 32 200404
R 1465.11 31 200504 G 1375.41 30
201706 R 1172.29 27 200806 G 28.19
50 200502 R 1861.38 48 201104 R
1939.48 40 201009 G 425.87 32 201810
G 1526.11 24 201303 R 853.72 37
200209 I 537.82 3 201307 I 1760.96
51 200609 G 5.12 26 194307 I
1396.70 32 201605 I 338.16 9 200805
R 1036.85 42 200107 G 102.37 13
200203 R 1064.19 2 201709 G 416.53
6 201006 R 738.18 10 200407 R
1824.74 56 200610 R 242.14 20 201506
R 872.17 27 199808 G 1876.18 16
200604 G -872.50 3 200808 R 979.31
1 200703 I 1034.11 39 200309 R
431.23 1 200509 R 521.20 32 201710
G 1419.34 39 200203 R 1130.24 31
201810 R 1476.36 24 201503 R 126.39
20 201112 I 1610.45 9 201407 R
1755.58 28 200111 R 1998.42 28 200307
I 1884.14 13 201309 G 450.21 38
201507 G 3.31 17 201606 I 1707.96
14 199902 I 165.68 53 201202 G
373.92 4 200605 G 1612.19 13 201402
I 109.89 53 201406 R 836.14 52
201711 R 794.11 26 200703 I 123.65
30 200806 R 1795.31 13 199803 R
1732.31 27 200801 G -872.50 51 199808
R 1286.41 24 201603 R 1453.36 48
200508 G 1116.45 19 201210 G 1584.18
56 201706 G 468.66 15 200111 R
1732.16 34 200108 I 1399.70 57 200504
I 1958.13 39 200606 G 138.22 11
201708 I 1101.79 5 201108 I 987.17
33 200009 G 1837.73 3 200807 I
1969.96 16 200706 I 1959.16 50 200707
R 365.71 24 201109 I 1804.40 6
201310 R 1840.28 15 201002 G 1611.62
35 200102 I 134.24 41 200712 R
1735.39 43 200103 G 866.88 3 199803
R 37.17 36 199802 I 503.60 31
200905 I 1603.27 6 199807 R 1049.16
40 201308 G 1440.90 42 200305 R
641.30 15 199805 G 1375.31 51 200406
G 1482.24 4 200103 R 578.63 41
201709 I 1212.74 47 200102 I 944.48
31 200511 R 1605.54 24 201607 R
1471.46 1 201505 I 623.95 54 199907
R 96.15 45 201110 G 1561.27 45
201507 I 518.37 3 201405 R 766.14
25 201311 G 1484.82 10 201006 I
1263.51 51 200903 G 1733.83 41 200811
G 1021.58 42 201007 G 844.40 4
201007 I 498.75 30 200504 I 1066.97
12 201203 G 1865.62 23 200004 R
1044.83 5 201011 I 1415.43 28 200203
I 1899.83 14 201012 G 72.72 18
200602 R 1656.33 25 200107 R 480.64
30 201303 R 1149.92 49 201408 I
1726.13 33 201206 R 840.52 55 200807
I 707.17 1 200706 I 127.49 5
200703 I 236.39 12 200302 I 614.89
56 200103 I 279.55 29 200502 R
723.59 14 199905 G 1417.16 18 201602
I 1659.70 30 201702 I 153.36 42
200205 R 1679.18 57 199907 R 441.22
49 201712 R 315.29 14 201508 G
1428.12 38 200105 R 1969.55 3 201102
R 819.94 27 200310 R 402.34 49
199912 G 1185.52 48 200902 R 1623.39
17 201512 I 166.15 35 200904 R
83.28 3 200310 I 753.70 18 200004
R 923.19 47 199802 G 1893.91 5
200209 R 1572.41 46 200809 R 1153.65
9 200102 R 694.54 53 200004 G
1390.30 17 201505 G 675.46 14 201202
R 1622.88 7 201205 G 1645.98 14
200011 G 1933.16 33 201101 G 815.10
20 200903 R 1054.54 22 200809 I
116.32 19 201009 R 1440.17 16 201603
R 1312.60 11 199809 G 849.89 2
199909 G 1412.50 22 201506 R 221.27
25 201606 R 1608.39 28 200007 G
1646.20 2 199804 R 1852.25 0 201109
I 650.19 59 201407 G 258.10 15
201706 I 995.12 37 200007 R 836.36
32 199804 G 1834.41 45 200504 G
1617.86 34 200507 R 779.73 37 200212
G 1316.15 52 200204 R 1160.20 9
201003 G 125.43 35 200202 G 741.58
5 201009 R 1114.36 40 201606 R
1475.45 37 200111 G 106.21 11 200606
I 550.31 20 201706 R 157.17 54
201307 R 1375.68 37 200308 I 1347.80
47 199708 I 1170.84 11 201801 I
1857.53 47 200402 G 1918.54 31 201503
G 83.16 58 201511 G 1888.31 8
201110 G 1165.80 5 201404 R 465.42
0 201304 I 104.81 11 200901 G
1147.14 45 200710 G 1152.78 16 200502
R 130.50 5 200110 R 587.54 52
200203 I 362.61 27 201604 I 1759.60
43 201310 R 805.39 13 200209 I
113.39 39 201310 I 488.40 28 201411
G 627.64 57 199904 G 1260.54 9
200810 R 1732.91 32 201509 G 369.59
13 200406 I 878.40 57 201706 R
1507.89 38 199906 I 1401.27 45 201112
G 1325.13 2 201208 I 350.62 57
199808 G 509.89 18 200512 I 1678.95
58 201407 I 1424.76 57 201309 R
372.62 14 200410 G 1086.68 15 200603
G 1220.43 31 200004 I 10.20 57
200409 R 1409.13 8 201005 G 1398.89
36 201108 R 811.16 52 200710 I
5.11 51 200704 I 202.19 4 201010
I 1940.88 49 200507 R 802.35 4
201207 R 1917.87 58 199910 I 1947.84
25 200502 I 160.23 27 201804 I
1851.81 35 201502 G 1346.13 34 201408
G 924.38 21 201705 G 1572.19 35
199804 I 586.97 50 201704 R 1871.33
40 200103 G 1311.18 20 199807 G
1849.75 10 201306 R 1552.33 22 200804
R 1697.15 8 199903 G 1039.59 41
200007 G 1502.88 46 199705 I 1974.41
38 200201 G 1294.91 42 200406 G
772.42 55 200411 I 360.51 23 201106
I 28.70 7 200711 G 854.90 15
200208 R 795.47 58 200503 R 453.81
21 200607 R 1467.74 9 201202 R
1900.35 1 200203 G 61.48 47 200209
G 1778.40 57 201007 I 1510.97 55
200710 R 1284.72 44 200202 I 28.95
50 201809 R 1768.28 36 201004 R
1321.47 4 201410 I 545.41 24 200308
R 608.61 33 200106 I 455.59 31
201703 G 1605.13 59 199907 R 1833.32
11 199910 I 1524.70 51 194304 I
467.11 6 200605 R 1078.77 5 200502
G 1978.44 14 200207 I 92.51 33
199912 R 144.89 20 201711 R 355.38
29 200311 I 1723.43 6 200103 R
983.60 58 201303 G 1204.33 31 200508
I 276.68 43 200004 I 291.37 16
201611 I 952.10 16 199908 R 1420.62
50 200206 R 420.96 33 201010 G
1817.91 0 200609 R 1520.17 57 200109
I 1474.26 20 201507 R 197.66 37
201502 I 390.71 31 200203 I 583.12
38 199705 D 1009.73 56 199910 I
1193.18 6 200210 I 397.12 44 201805
R 690.52 42 200206 I 436.40 38
200004 R 1941.16 32 201412 R 371.78
35 200003 I 1689.10 35 200205 G
178.60 7 199808 I 70.74 54 200308
G 199.56 49 200210 I 1369.35 40
199811 R 948.11 39 201005 R 1790.66
48 199902 R 1270.88 17 200610 G
1498.51 19 200603 R 932.19 6 201203
R 373.83 34 200204 I 151.19 57
200802 I 1037.55 35 201610 I 503.23
51 201002 G 1137.22 27 201610 R
709.80 51 201005 G 1095.91 31 201511
S 1590.76 43 201109 I 35.28 17
201810 R 851.89 21 200709 G 1722.49
33 199704 I 469.48 58 200403 R
1334.72 42 200404 R 650.86 4 200302
G 1727.12 28 201807 I 808.19 50
201102 G 4.95 53 201604 R 1357.93
34 200904 G 553.91 17 200110 R
1949.44 59 200803 I 1987.35 47 201410
I 852.53 37 199707 I 1166.75 13
201707 I 121.14 24 200911 G 978.40
7 201205 I 1363.57 40 200910 G
1087.51 9 199907 G 903.42 59 201210
G 567.40 24 199807 G 518.64 35
200107 G 135.13 43 201110 I 159.53
38 200111 G 928.23 12 200112 R
194.94 49 200609 I 1115.11 30 200008
G 236.46 11 194311 R 1149.65 38
201510 I 1524.63 48 199907 R 1683.25
41 201406 R 1281.21 30 201011 I
804.62 13 200411 G 544.85 6 199901
I 936.90 54 200510 R 293.16 43
200202 R 1780.25 0 200506 I 1339.14
39 201302 R 475.56 33 199706 G
582.14 33 200706 I 515.82 15 200108
R 927.49 8 200102 I 1068.66 9
201812 Q 1021.47 34 200507 I 1281.82
30 200702 R 659.43 51 201212 G
1179.80 58 200105 G 1617.33 25 200603
I 1193.33 2 201112 D 887.17 56
201006 R 1991.36 12 201111 R 860.64
9 201112 I 1697.15 45 201610 I
1206.13 37 201812 R 38.34 58 201109
I 1704.13 40 200112 G 118.88 15
200905 R 1894.57 47 200103 R 1328.65
17 201512 R 905.73 42 200109 R
622.23 43 201601 I 847.16 41 200011
I 122.13 6 200607 R 22.75 7
200805 I 1726.14 38 201404 G 1715.53
37 201305 R 1359.33 52 200407 G
720.55 57 200410 I 1138.39 5 201710
I 1245.21 49 199903 G 43.51 49
201102 I 684.65 1 200110 R 1863.51
48 201406 I 189.60 1 200012 G
426.89 33 200209 I 1124.34 24 200301
G 454.16 46 200009 R 412.48 21
200811 R 1029.80 8 200205 I 389.29
40 199803 R 1137.73 22 201103 G
401.34 23 200203 I 930.86 16 200406
R 1036.73 43 201111 G 906.83 13
201102 G 1200.37 24 200310 I 708.77
40 200508 G 721.98 53 200703 I
1378.77 42 199911 I 473.30 55 200908
I 1953.90 12 200901 R 742.33 14
200402 G 1757.48 40 199810 G 374.56
4 200809 I 1646.42 55 194307 I
1290.46 38 200208 R 85.21 31 200806
I 706.26 30 201108 G 1145.17 62
201810 I 1353.21 44 201210 I 1512.16
17 201105 R 1006.84 39 200511 I
1934.38 42 201803 R 903.41 8 200504
I 483.81 0 200210 G 1809.92 52
200108 G 131.34 29 201209 R 1831.76
7 201504 I 1935.52 22 201603 R
857.83 28 201007 R 46.79 0 199812
G 1560.72 26 200509 G 903.10 1
200507 R 1337.41 15 200404 I 543.69
29 200606 G 547.53 8 201104 I
1181.96 42 201712 R 758.11 28 200806
G 1611.20 41 200110 G 1112.11 54
201802 G 751.79 40 201504 G 273.18
22 201009 I 1450.51 41 201403 G
20.54 59 199810 I 373.87 11 201010
I 574.22 12 199810 R 1069.97 43
199805 R 1271.66 17 201503 I 472.59
52 201712 G 339.22 51 201803 R
455.30 29 200809 R 1283.40 46 200711
G 1870.18 15 199909 R 1487.12 37
200801 I 394.17 36 201609 I 83.46
13 201811 I 885.43 21 200710 G
899.57 41 200104 R 1880.42 45 200707
G 1770.30 20 200709 R 1567.36 28
200403 G 1548.79 32 201210 G 1692.18
26 201812 G 1318.56 45 200610 I
107.12 47 201103 R 150.63 30 201208
R 1368.40 12 200211 G 244.67 44
201002 I 1970.56 37 200509 I 1774.24
18 201307 I 1434.57 51 200707 G
604.36 50 200302 G 1596.46 26 201510
G 1758.71 39 200006 I 868.75 22
200805 G 1666.29 56 201309 I 1521.15
1 201705 R 1459.18 42 200603 I
557.43 42 200402 I 218.75 41 201006
R 615.83 1 201107 R 703.66 48
200807 I 537.54 1 199912 I 1144.68
41 201409 R 504.97 58 201607 R
1418.50 10 201208 I 569.37 68 201810
I 1423.27 30 200708 R 972.44 59
200402 R 138.78 29 200112 I 1837.96
48 200511 G 354.17 19 194312 R
1496.26 16 201102 G 180.21 48 200609
R 45.91 28 201009 G 1233.59 5
201410 R 466.51 4 200207 G 45.29
4 200603 G 1657.50 12 200003 I
483.97 19 201204 I 521.45 2 201302
R 732.53 15 200001 G 500.32 28
199802 I 1487.53 5 200608 G 1757.12
45 201602 R 1924.82 45 200303 R
1123.15 37 200705 G 1088.83 33 201108
R 355.48 3 200505 G 1335.30 3
199809 G 527.88 25 199910 R 323.80
42 200501 G 1393.97 22 200407 I
379.47 38 199807 G 1750.74 41 200406
G 312.82 52 200305 I 1959.76 27
201301 G 1026.18 26 201005 R 668.24
53 199712 R 936.41 9 200610 R
1742.97 22 200307 I 829.18 4 200903
G 630.45 35 200203 R 1143.37 36
200210 G 547.75 3 201308 G 1533.11
21 200905 G 173.16 47 201204 R
638.24 0 201603 I 1386.96 55 200908
R 45.84 0 199903 I 1516.37 52
199806 I 443.62 1 199704 I 490.56
14 200407 G 1248.26 31 201611 I
471.43 37 201205 G 1423.42 44 200404
S 1196.43 58 201201 R 1933.27 18
201405 I 1543.13 50 200208 R 1860.55
58 200011 R 1357.92 24 200004 G
959.97 15 200504 I 1349.66 3 200008
I 8.40 54 201003 I 1180.38 7
200306 I 18.47 4 201307 R 1242.68
33 200009 I 1223.56 23 200908 R
584.91 15 201211 G 941.19 31 199709
G 181.15 29 201104 G 991.13 10
200509 G 1394.35 32 200506 R 1897.18
59 200212 I 319.12 55 200703 G
1569.23 42 200010 G 65.96 48 199907
R 1876.93 17 200711 I 1438.76 56
201107 R 256.72 17 200103 R 613.15
29 199809 R 1167.69 6 201012 R
1954.48 54 201609 R 1575.90 50 200005
R 1.36 33 200601 R 823.66 43
201204 R 1750.78 47 200804 I 85.97
54 201605 I 236.27 57 201511 I
339.47 54 201310 I 1285.32 35 200108
I 518.10 6 200609 R 1341.14 6
200510 G 780.10 48 200709 G 738.40
4 201004 R 1359.31 20 200303 G
321.23 41 201408 R 1881.73 30 201504
R 1646.80 15 200210 I 1210.92 51
200311 I 1429.13 4 201212 I 64.29
58 201612 I 96.14 37 200908 I
1730.75 13 200205 R 1731.70 14 199908
I -872.50 36 201508 I 877.69 26
200409 G 1710.82 5 200207 R 692.66
41 200612 R 26.64 10 200607 I
1938.95 5 200204 G 313.13 31 201102
R 270.69 14 201303 R 1993.29 36
200103 I 486.42 46 201207 I 517.18
27 201310 G 1353.11 2 200809 I
694.26 18 200902 R 1206.71 39 201809
R 1726.40 29 201205 G 269.19 14
201110 R -872.50 38 200806 R 1977.81
39 200309 I 1018.16 10 199809 G
1383.88 57 201807 G -872.50 53 201609
I 553.34 45 199807 G 979.34 50
200211 G 1948.83 44 201105 G 753.76
6 200711 G 1142.45 7 199909 R
1388.37 68 200307 G 1100.11 10 200607
I 1127.50 42 200407 R 1911.14 20
201408 G 553.47 55 201603 R 164.37
35 201512 R 487.48 35 200807 I
189.38 1 200711 R 416.84 39 201208
G 22.94 26 201705 R 1288.98 54
201207 I 1952.48 51 199908 G 1099.26
53 200705 I 204.16 49 199811 I
407.83 15 201308 R 1279.22 29 199804
R 1907.11 22 200410 G 1134.15 3
199803 I 1862.88 48 200408 I 1366.89
35 200902 I 994.48 5 200107 G
445.93 34 200308 G 1690.12 3 200906
G 1322.20 46 201304 R 1434.59 41
200909 I 1621.79 50 199905 I 520.76
15 200112 R 1350.11 57 200305 I
421.45 22 199911 G 219.15 17 201604
R 806.13 2 200805 I 914.14 10
201005 R 956.85 59 200710 G 84.94
4 200209 R 1392.88 25 201002 I
1270.12 52 201210 G 1549.78 36 201407
R 1947.12 33 201412 R 1047.27 9
200010 I 270.11 59 201201 G 631.35
37 201406 R 985.32 33 200307 R
1076.84 56 199709 G 1853.80 9 200412
R 418.17 1 201301 G 698.75 56
200107 R 580.69 53 201708 I 408.77
48 200210 I 350.13 48 201309 R
1865.62 37 201206 G 31.25 24 201010
I 582.18 37 200704 G 628.17 43
201405 G 1419.41 23 200205 R 1452.49
30 200106 R 1545.20 19 199907 G
1367.36 2 200004 G 1626.23 30 201302
R 1755.12 48 200805 R 1851.17 48
201101 G 1915.29 38 201005 R 635.79
13 199908 G 80.50 58 200908 I
416.22 24 201206 G 567.52 31 201505
G 806.65 8 200805 I 700.45 5
200710 G 532.94 33 200304 I 644.80
58 200804 I 562.42 18 199911 I
1187.59 13 201607 R 1172.73 55 199909
R 112.78 51 199710 R 1025.65 15
201411 I 819.17 37 200604 R 1890.14
22 200205 G 126.81 34 200105 G
1508.56 38 200207 I 110.27 45 201301
I 586.45 49 201107 R 1279.15 30
200101 G 802.29 3 201006 G 22.88
14 201101 R 1224.30 54 200411 R
475.37 46 200611 I 976.24 16 200404
R 753.93 1 199805 I 1674.95 8
200108 R 1348.78 53 200402 R 578.51
54 200006 R 1680.78 17 200110 R
1293.32 53 199801 G 474.64 29 201808
R 1156.33 10 200505 G 244.37 22
200705 G 261.35 16 200802 G 351.40
6 201508 R 1140.12 53 199911 R
531.86 9 199804 I 382.77 36 201109
R 1626.34 50 20010831 I 1033.26 34
201112 G 473.53 12 200005 I 1290.85
46 201208 R 1359.27 44 200712 R
1635.80 44 201805 R 1540.10 48 201311
R 1385.28 45 199711 R 489.52 43
200111 I 306.52 25 200705 I 1952.27
5 199810 I 1922.66 9 200901 R
453.10 19 201506 I 96.91 53 201303
R 1621.18 43 201705 I 1613.90 14
201208 R 144.14 16 199805 I 1786.52
5 199702 I 322.38 9 200603 I
541.60 5 201503 I 1260.63 54 201610
G 46.67 30 201202 G 1897.19 31
201202 I 683.52 19 200106 G 1095.73
19 201101 G 1081.31 24 201311 G
482.98 48 200410 R 109.96 51 199808
R 489.22 47 200811 I 316.83 29
200408 R 83.31 18 201111 G 1365.98
8 201502 I 663.13 13 200504 I
85.94 17 200403 I 108.11 46 201104
G 760.79 2 200905 I 53.25 36
200409 G 606.59 33 200412 I 1486.18
33 200403 R 1030.59 11 200606 I
1712.17 19 201501 G 1662.86 54 200803
I 1182.28 11 200902 G 1988.72 11
200102 I 158.76 28 200902 I 437.30
17 200903 G 1300.61 35 200107 G
753.34 47 200008 I 840.79 55 201406
I 1829.51 1 200208 R 1978.70 9
201612 I 564.90 33 199811 G 1723.44
39 199709 I 1572.55 32 200701 R
797.35 24 200709 G 1232.38 14 201703
R 516.26 26 201405 R 909.24 25
201808 I 1850.30 4 200411 I 1141.97
58 200106 I 259.54 31 199903 R
1629.14 49 200205 G 804.45 20 201410
G 330.56 15 199804 I 446.80 29
201709 G 1669.92 38 201311 I 1516.37
39 200410 I 1415.28 38 200206 R
1463.10 27 200906 I 522.87 42 201511
I 872.92 47 200608 G 1601.12 14
199807 G 1480.33 18 201104 R 238.84
4 201206 R 1684.98 50 200210 I
308.34 35 200104 I 1268.52 3 199803
R 1441.12 50 200612 R 481.81 2
200110 R 301.47 26 200404 R 850.80
38 200310 G 478.16 29 201310 G
1087.24 43 200409 G 1949.48 43 201707
I 56.16 13 200805 I 348.93 32
199704 I 1487.36 55 201004 R 1330.38
32 199807 G 475.52 57 200001 G
669.15 34 201312 I 1036.38 37 200002
R 181.15 30 201505 R 146.89 5
200104 I 474.50 18 200704 I 858.27
19 201312 I 76.45 51 200102 I
412.45 18 201404 R 606.70 17 200405
I 1666.96 15 199906 G 7.68 43
200106 I 1468.15 5 201001 G 881.63
3 200711 G 1472.80 20 201603 I
414.40 48 199902 G 1334.75 4 200606
R 1748.29 38 200811 I 1018.39 15
201710 I 1748.58 9 200603 R 639.36
37 201003 I 1067.42 3 200704 I
455.11 48 201003 I 54.46 59 201005
I 1166.38 55 200205 R 725.40 42
200607 R 1991.16 11 201708 I 690.33
45 200211 R 1331.57 12 201304 R
553.39 57 200101 I 1164.87 7 200709
G 79.15 55 199811 R 1664.84 52
200003 I 1367.29 20 200705 I 61.93
5 199906 I -872.50 31 200711 G
1750.19 54 201703 G 418.53 28 200507
I 1326.11 18 199901 G 540.30 48
201804 R 1490.39 49 201008 I 1293.61
7 201311 G 829.35 30 200111 R
52.31 39 201108 G 48.38 42 201311
I 1823.16 37 200311 I 1649.53 13
200406 R 947.90 8 201501 I 374.13
15 199811 I 1864.24 64 201408 G
969.30 36 201201 R 1989.47 30 199908
R 856.52 30 201302 G 1907.72 28
200208 I 1598.60 39 201310 I 604.96
47 200503 I 1234.28 45 200807 G
12.82 52 200402 G 675.20 2 201806
R 166.57 54 200704 I 818.82 4
200406 I 1363.74 53 200104 I 1872.18
50 201112 G 908.14 15 201106 R
796.15 53 201708 G 666.66 43 200609
G 1697.48 9 201206 R 1396.22 54
199709 G 983.11 21 199803 R 1763.95
36 201609 I 92.24 35 200607 I
861.86 49 200708 G 242.50 25 200011
G 1342.11 4 200506 R 1732.66 49
201602 R 122.41 20 201209 R 730.46
38 201010 G 1018.75 14 199808 G
971.90 23 199702 R 1874.71 31 200901
G 1707.96 36 200311 R 336.81 35
201804 I 1750.57 36 200308 R 944.64
35 199710 G 476.35 33 200107 I
426.13 4 200209 I 1974.83 43 201509
I 1345.97 50 200103 G 1639.98 33
201107 R 938.81 66 201004 I 926.61
10 200604 I 27.20 8 200708 G
875.61 37 200312 G 1203.50 17 201206
G 580.80 12 201308 R 843.30 2
199901 G 237.21 6 200801 R 1724.10
33 199803 R 1768.86 43 200403 I
174.42 5 200714 G 351.18 49 200706
I 385.78 10 200603 R 1873.37 53
201009 R 1534.82 20 201309 G 1184.14
54 201004 G 1468.61 45 200507 I
1014.46 7 201508 R 48.30 46 200007
R 1938.19 54 200205 I 683.74 1
200510 R 920.59 23 201303 G 1658.33
59 199704 G 820.45 15 200403 R
1083.70 31 201202 I 1988.34 23 201801
I 33.50 55 200803 I 1966.73 12
200203 G 62.18 33 201003 R 1129.12
4 200910 G 1486.27 48 200509 R
1344.77 31 199911 I 1204.79 24 200605
R 1580.83 44 200307 G 1273.93 37
201209 R 1588.16 6 201407 R 771.34
18 200712 I 1302.12 44 201002 R
1274.62 8 200109 G 1644.93 0 200209
R 5.30 41 200407 R 1992.17 46
200905 G 786.19 46 201605 R 188.49
5 201004 I 222.27 35 199709 R
1051.17 52 200611 G 1229.43 56 200703
G 741.35 11 200305 G 618.61 53
200108 R 557.55 8 200702 R 1796.79
2 200508 R 368.96 55 200911 R
1769.98 15 201509 I 980.44 28 200406
R 833.69 32 201504 I 604.70 16
200305 G 1100.10 44 201207 I 388.31
58 201608 G 1748.20 51 201402 G
1434.82 49 200001 R 1375.10 30 201610
G 1137.70 55 201302 I 1844.15 3
200010 I 1318.25 10 201210 G 1190.15
56 201008 R 13.66 55 201603 I
256.36 8 199808 G 740.51 57 200203
I 1187.18 4 201605 G 1553.28 40
200906 I 1463.51 35 201304 R 697.21
10 200812 I 294.37 29 199910 G
1551.93 27 200911 G 212.13 26 200407
G 1163.76 38 200705 R 968.59 29
200609 R 1762.94 37 200810 R 1292.30
9 200008 G 1438.31 50 200810 I
1500.30 40 200611 R 501.50 19 200909
R 28.42 15 200803 R 536.17 2
200808 G 1677.24 4 201704 R 560.25
19 201610 I 692.88 9 200906 I
1563.52 8 201309 I 1300.14 31 200204
G 1831.20 22 199806 G 767.16 36
201008 I 1128.54 25 200210 R -872.50
30 200608 I 991.83 36 200812 I
400.64 15 200307 G 1035.85 45 200104
I 1137.37 14 201308 R 234.82 28
200803 R 996.64 57 200704 I 925.69
32 201402 R 116.66 29 201708 R
756.22 28 200611 I 1892.73 10 200904
I 732.47 54 200805 G 814.64 26
199809 I 1825.26 50 200005 G 40.53
58 200804 G 1654.49 29 200710 R
1961.37 45 201112 I 813.13 21 201306
I 463.21 10 200410 G 676.91 37
199805 R 1730.14 19 200511 R 965.45
19 201011 R 1993.44 12 200204 R
1577.19 38 200407 R 1766.36 29 200212
I 46.83 42 200610 G 435.37 47
200906 R 255.94 23 200804 I 1776.11
9 201706 I 1824.16 22 201605 R
721.98 9 201402 I 1999.19 16 201002
G 910.64 52 201207 I 350.74 4
199809 G 1729.19 10 201008 I 421.60
38 199711 G 1978.16 44 200403 R
46.41 6 201502 I 1240.90 21 201505
R 1848.51 30 200408 G 248.26 37
200306 I 1419.98 1 201110 R 339.57
44 200006 G 1744.42 57 201706 R
918.85 5 200407 G 1104.10 48 199907
G 132.97 12 200410 G 1236.84 45
201208 R 50.82 24 200510 R 1289.18
1 199909 G 563.77 45 201605 I
1841.80 3 201604 R 1632.25 9 199811
R 1275.86 52 200912 R 1584.34 52
200905 R 1399.16 51 199808 I 1078.76
32 201109 G 1248.37 0 201208 I
14.52 25 200407 I 869.22 35 201802
R 1580.18 33 201009 R 651.83 31
200611 R 1754.75 36 200704 G 646.76
21 200706 R 1938.28 12 201711 G
1992.74 16 200510 I 1097.65 17 200508
G 462.61 4 200903 R 1398.47 1
201106 I 411.64 8 201709 R 1737.88
55 200703 R 1503.29 21 200606 G
1150.89 5 201010 R 1781.33 37 201411
G 1729.75 43 201505 I 384.81 19
201808 R 84.70 1 201003 R 94.72
30 200105 R 504.18 25 201108 G
973.49 19 201108 G 1600.16 23 200005
I 993.79 9 199908 G 1576.27 5
200006 G 285.69 4 201507 G 1259.16
49 200105 G 820.12 21 201006 G
1619.12 25 199811 G 1782.70 41 200302
I 191.32 49 200208 G 733.77 5
200606 R 53.67 30 201809 G 1192.42
57 200304 I 1001.63 4 200010 G
1268.93 20 201601 I 1509.13 9 200008
G 1585.11 37 201302 G 604.40 57
200806 I 147.80 49 201705 R 707.14
42 201004 G 860.14 14 201410 R
557.16 65 199805 I 817.73 11 201810
I 391.89 11 199803 I 1421.97 41
200710 R 122.58 22 199808 G 1763.78
20 200508 I 1458.14 16 201003 R
725.37 15 201109 I 1001.55 56 200702
R 504.37 6 201304 R 1780.43 12
201102 R 198.11 16 201406 G 426.17
33 201402 I 516.12 12 201205 I
1418.97 24 199905 I 74.42 43 201401
R 1600.33 51 199906 G 1399.86 17
200206 R 719.27 37 200305 G 659.69
41 200410 I 1199.64 49 200406 I
173.31 19 201412 I 728.64 9 201308
R 1044.96 32 200807 I 1263.96 35
200807 G 1625.76 21 201109 I 576.77
55 200207 R 185.52 10 200005 R
202.93 57 200902 R 590.68 43 200703
R 1980.96 38 201805 G 292.57 26
201003 R 1016.75 16 201512 R 1607.69
35 201011 I 1320.93 13 200109 I
795.39 20 201001 I 287.29 18 199704
G 662.44 49 200410 G 391.18 23
201602 R 1565.81 13 201110 G 961.42
1 199701 I 87.93 22 200010 I
780.13 13 199801 I 995.76 56 200705
R 503.89 3 201402 R 913.48 53
201611 I 902.44 24 199801 R 7.20
48 199708 I 1600.17 10 200912 R
1201.69 47 200705 R 357.98 42 199811
I 1524.14 24 201710 R 1157.17 24
201610 R 479.14 30 201512 R 1823.24
52 199702 R 1790.70 36 201202 R
791.13 42 200403 R 1246.44 8 201507
R 73.96 1 201206 I 1701.81 11
201202 G 1234.14 35 200109 G 1712.66
20 201411 Q 286.27 50 200908 I
89.81 5 200608 G 1255.94 3 200207
I 1389.43 50 199807 I 930.36 32
201104 R 853.41 50 200311 I 1082.56
17 201402 G 1872.88 10 201203 G
1500.60 40 200504 I 639.97 30 201810
I 328.12 55 199803 I 1740.10 55
201003 G 943.60 44 200402 R 1611.10
36 200510 I 1244.14 19 201509 R
859.30 55 199711 I 1048.44 42 201206
I 590.31 8 200311 G 1713.65 58
199907 I 14.36 15 200802 R 36.41
15 199806 G 1350.63 16 200103 R
572.53 23 201209 I 616.81 28 200104
I 709.16 56 201311 I 870.12 26
201506 G 830.63 55 199910 I 184.58
46 201408 R 830.65 47 200902 G
1488.56 29 199808 G 1564.12 4 201805
I 668.10 51 201309 R 896.67 5
201411 R 413.77 6 201203 R 524.42
12 201002 G 107.18 23 201205 R
1881.37 43 201102 G 354.42 35 200206
G 685.89 19 200406 I 990.15 51
200004 R 153.33 58 201705 G 1258.93
19 200901 G 202.43 20 200409 G
1424.45 12 201508 G 1911.18 48 200007
R 114.96 6 199701 G 1978.69 22
201511 R 1296.10 9 200308 R 1566.54
14 201603 G 493.59 16 199902 R
976.19 39 201006 R 1659.49 3 200902
R 1114.33 3 201508 I 1718.65 44
199910 R 871.55 20 200110 I 561.64
24 200411 I 192.19 32 201607 I
283.10 31 201108 G 842.39 33 199810
R 1675.50 24 201402 G 1048.37 22
199905 I 16.56 3 200111 G 1364.65
20 200806 R 1555.47 0 200203 G
1752.38 49 201706 R 1459.72 2 201603
R 640.81 16 199811 R 944.95 58
199804 I 642.11 9 201002 I 605.54
2 201105 I 623.86 37 201109 G
915.56 25 200111 R 1160.24 17 200804
R 1356.45 59 200006 I 1012.36 23
200506 R 1837.34 42 201305 G 995.52
48 200612 I 1434.74 41 201409 R
1537.35 41 200507 R 1471.13 16 200007
R 10.61 9 201409 I 697.61 3
200205 R 716.31 52 200610 G 298.51
23 200602 G 59.28 7 199902 G
1486.40 51 199905 I 57.38 42 201602
G 217.40 57 200810 R 828.65 41
200003 R 1393.65 0 201308 R 1441.41
47 201202 G 1897.94 25 201709 I
1800.47 23 200504 G 178.37 7 201406
R 3.75 5 200309 R 361.20 48
199810 I 816.41 7 201005 I 1130.34
20 199909 G 1821.83 14 200411 G
1287.88 40 200008 G 1223.67 29 200808
R 320.62 59 200109 I 1683.17 11
200402 R 1453.18 37 201011 G 903.14
42 200808 G 1549.17 32 201205 G
1526.67 18 200004 R 1582.71 47 201510
R 554.28 10 201810 I 648.90 26
201311 I 1898.42 57 201409 I 1483.44
51 200908 R 1169.15 56 201710 R
712.16 34 200408 R 1164.14 47 200406
G 107.84 3 201008 R 991.31 34
200011 R 1015.61 41 200905 I 1959.64
49 199910 R 1297.11 55 199902 G
1214.96 39 201810 R 1345.84 8 201606
G 1362.22 8 201305 G 315.30 32
201005 I 752.45 31 201410 R 393.12
10 201312 R 927.17 22 201705 R
465.59 14 200409 R 1643.26 46 200008
G 122.64 59 201209 G 592.19 47
200802 R 486.30 8 200009 I 1645.72
23 200701 I 788.87 58 201307 I
1712.97 31 200804 I 1020.76 34 200702
R 728.56 20 200806 I 1926.13 30
200009 R 290.59 26 199702 I 31.20
40 201105 I 1038.13 3 200703 G
1064.72 43 201605 I 1659.98 40 201609
G 1187.15 18 201612 R 283.43 53
201708 G 655.20 50 200101 G 1451.55
51 200811 I 1927.32 54 200309 R
28.17 39 201610 I 1563.57 47 201702
I 1005.65 9 199911 G 1380.35 15
199807 R 1051.17 44 201004 R 711.44
14 201211 G 1184.19 13 200112 G
904.85 25 201003 I 1608.29 25 199804
G 1138.48 11 200508 G 1995.91 17
200307 G 1285.20 8 200405 G 249.55
25 201007 G 802.46 21 201011 R
736.14 54 201809 G 1559.68 32 201506
G 913.26 49 201202 I -872.50 21
199907 G 443.40 47 200008 I 674.53
3 200111 G 804.37 34 199906 I
210.38 49 200304 I 498.47 31 200610
I 966.13 40 201709 G 1752.53 24
199804 I 1113.40 27 200509 G 1134.44
2 201411 I 948.53 40 200602 I
1051.40 5 201403 I 1274.68 3 201209
R 865.89 58 200905 G 1840.83 55
200612 G 640.79 24 200703 I 760.96
5 201707 R 1588.77 12 201401 I
62.33 52 201608 G 403.93 18 201010
I 265.97 46 201002 G 1267.78 3
201009 G 1028.72 19 201004 R 966.30
13 200606 G 1707.43 29 201709 R
1415.25 16 201001 I 1855.11 54 199912
R 1552.21 18 201109 R 1383.12 36
201311 G 777.23 24 201511 I 415.68
51 200205 G 762.31 52 201404 I
1627.10 51 201208 R 1360.41 11 199808
R 1614.72 58 201512 I 474.10 49
200303 R 1872.19 43 199808 I 1819.17
11 200003 G 1510.34 8 200709 G
1282.67 56 199911 I 673.89 13 199702
R 1553.63 14 200210 G 344.19 26
201104 R 736.30 48 200103 R 246.70
57 200409 I 1498.93 12 200004 I
352.73 4 200305 G 1500.28 10 201302
G 1572.37 33 201003 R 1182.16 56
200602 G 1753.11 58 200601 G 1948.56
30 199907 R 1312.97 44 201402 G
992.38 29 200211 R 1024.17 28 201208
R 1620.75 40 201310 I 249.52 56
200911 R 1734.19 11 200204 I 1946.72
29 201602 I 688.12 8 201006 R
1258.30 11 200508 R 1479.68 22 201404
G 1154.13 43 200607 I 1746.14 4
200912 I 1102.63 35 201611 G 1418.29
42 199804 R 641.44 14 200007 G
1778.39 40 200405 G 1415.88 58 201206
I 1399.45 29 201609 R 1877.20 26
201309 I 523.78 49 201304 I 1900.14
18 199803 I 24.17 59 200009 I
473.25 30 199810 G 92.16 33 200309
G 116.50 32 201706 R 1315.89 21
201703 I 1657.11 3 199802 G 927.77
50 201703 G 521.94 45 200804 I
1325.93 57 200604 I 1643.62 19 201508
G 1973.64 46 199701 R 298.36 16
200905 R 1341.39 14 201308 R 313.74
16 201309 R 401.61 51 201402 R
1477.42 43 201608 I 137.96 10 200307
I 789.15 45 200506 I 1013.60 2
201404 R 173.68 42 200212 I 1979.15
11 200006 R 397.32 51 201512 G
275.93 51 200107 G 286.17 20 199710
R 1373.64 46 201510 G 1535.63 59
199706 G 1249.36 36 200407 R 1408.58
52 200902 I 235.26 43 200301 R
1908.32 12 201701 G 836.28 5 200004
G 372.33 54 199911 I 836.18 5
200005 G -872.50 45 201409 R 230.41
58 200203 R 7.86 23 201610 I
1226.83 40 200006 I 1872.11 30 200504
G 318.54 9 201503 R 250.82 0
201408 I 579.27 39 200008 G 1556.14
16 201106 R 1534.69 18 200501 R
426.96 3 200308 R 1740.97 39 200002
R 628.61 8 200511 I 1536.62 27
199904 I 150.53 4 200309 R 1234.69
5 200302 R 1661.77 33 201312 G
1597.48 16 200104 I 1413.24 44 201703
I 1340.53 21 199909 G 168.89 51
200806 R 1169.58 59 201108 G 495.88
4 200504 I 1579.59 18 200809 I
1544.44 3 200607 G 1612.37 42 200609
R 1676.25 54 200408 G 658.59 43
201005 R 1917.54 11 201807 I 396.12
52 199807 I 648.40 2 201406 I
1486.43 52 201307 R 1880.17 47 200709
I 965.80 23 201603 G 354.46 48
200411 I 1489.62 38 200308 G 414.98
43 201704 I 1933.32 58 200911 I
165.83 38 200210 R 390.29 33 200001
G 970.11 13 201709 R 1021.17 13
200109 R 1344.32 57 200310 R 1480.61
11 201105 G 814.14 46 200209 R
1472.78 3 201402 R 189.20 24 200807
G 1082.92 39 200501 I 1666.89 37
200012 I 443.76 32 200007 R 612.76
14 200102 I 694.12 19 201303 R
1901.92 41 201806 G 670.63 29 200103
G 673.29 37 199806 G 1716.58 47
201111 G 1976.65 24 200612 R 1488.71
25 200103 R 1109.13 55 201111 R
809.37 25 200203 I 160.91 1 200211
G 885.41 42 200502 I 746.85 49
201606 G 926.18 10 200204 G 1431.17
26 201306 R 1797.75 9 200708 I
1032.77 53 201605 I 633.86 50 200906
G 860.51 56 201301 R 352.67 16
200302 R 329.13 58 200711 I 508.92
31 199901 I 629.88 6 201502 G
551.32 45 200606 G 171.54 34 199805
R 333.43 42 200111 G 913.95 2
200805 I 1095.94 1 201104 G 907.47
29 200111 I 380.75 36 200704 G
192.42 8 201406 G 1318.46 45 201210
G 93.54 18 200604 G 1098.46 55
201002 G 1552.43 27 200605 R 1762.94
43 201010 G 1997.18 10 201310 G
1492.64 39 200009 G 1600.88 54 201104
G 623.29 59 201307 I 786.75 56
200306 R 1016.14 49 201304 R 582.65
43 201403 R 548.32 21 201401 I
1530.21 53 200204 G 1979.32 22 200410
R 39.34 40 200711 G 1144.49 20
200909 G 1253.65 50 200807 G 1649.56
35 201402 G 82.96 30 200907 I
619.77 52 199701 R 884.48 20 200002
R 181.58 51 201810 R 505.16 9
200702 I 1461.33 8 201612 I 326.93
32 199704 G 1240.93 56 200208 G
35.12 37 200509 I 823.29 11 200009
R 845.18 66 201701 R 1169.34 43
201309 I 985.34 20 200301 G 578.27
55 201807 R 683.65 23 200411 R
1558.36 34 200104 R 1371.18 41 200311
R 1089.15 41 201004 R 1193.68 20
201211 G 1087.25 45 200312 R 465.78
33 201609 G 825.11 40 200702 G
1719.97 22 201503 R 199.22 41 201802
R 1364.52 10 199802 G 665.71 24
200706 G 1978.80 35 199810 R 47.88
49 199708 G 1005.73 38 201506 I
1399.61 54 201403 G 1508.14 38 201111
G 627.19 7 200304 I 216.11 12
201410 I 325.49 17 201506 G 899.13
7 200402 G 1343.67 7 199805 I
1935.90 50 200612 G 586.47 31 201301
R 640.36 12 200305 I 410.90 16
201112 G 1997.36 12 201504 G 819.58
8 199801 I 406.97 10 200503 R
545.12 52 200205 I 546.88 50 201605
R 1715.48 59 201204 G 1167.12 16
199703 G 1964.31 29 201810 I 1868.19
56 199907 R 1182.67 56 201009 R
375.76 10 200102 I 451.97 24 200711
I 1370.18 39 199910 G 72.83 9
201507 G 323.29 15 200906 G 1652.88
19 200205 R 725.70 38 200410 R
40.61 52 199708 I 1314.18 58 200407
R 1039.35 31 200702 G 1349.17 32
201406 G 1366.62 45 201305 G 1016.65
49 201410 R 307.48 34 201303 R
51.18 16 199908 I 759.37 16 200803
I 1111.91 43 200302 I 1358.49 12
200207 R 759.16 49 200107 I 909.84
22 201505 R 1363.73 23 199704 G
1193.17 5 200104 I 1823.65 49 200208
I 1200.27 25 201604 G 1371.79 35
201409 R 823.83 16 199801 R 1851.80
47 200705 I 401.14 30 201610 G
1792.69 46 201411 G 1976.84 28 201408
I 865.74 49 200807 G 912.64 47
200207 R 1287.42 13 201205 I 575.70
28 201710 R 608.30 20 201502 G
149.30 19 199910 R 360.16 35 201609
G 1618.67 41 201104 I 1962.97 39
200903 I 877.57 5 200411 I 1900.67
14 201706 I 1430.11 57 200506 G
1999.34 40 199903 G 669.36 37 201804
I 1045.76 27 200206 G 1043.17 8
200902 R 1486.68 4 201002 R 1397.24
43 200411 I 1410.88 6 200010 I
1558.58 32 200108 G 1406.16 13 200309
G 937.74 21 201709 I 1804.35 54
200205 G 115.90 51 200406 R 1062.87
39 201110 R 331.12 58 200009 I
930.90 58 201003 R 241.53 34 201401
R 765.52 13 199910 G 1016.45 42
200911 G 1167.95 32 201105 I 813.60
9 199805 G 1112.89 37 200304 I
777.11 49 200810 R 1794.89 52 200803
R 46.11 23 200004 G 1142.30 10
200311 R 513.52 33 201102 I 23.50
28 199802 R 1535.39 20 200205 R
802.41 46 200502 G 260.37 30 200911
I 147.35 8 201702 G 361.73 28
200008 I 177.32 15 200603 G 1147.54
18 200506 I 1127.10 12 199908 R
179.33 29 200404 R 61.56 5 200202
I 753.12 30 200301 R 92.54 14
199804 I 578.17 35 201503 R 922.60
58 201408 R 1802.15 46 199901 R
609.86 20 200908 I 79.74 37 200502
I 928.26 15 200108 G 235.38 15
200502 G 1207.65 51 200210 G 1205.30
24 200806 I 156.67 35 200110 G
1649.42 48 199902 I 1534.39 32 199809
R 968.83 36 201808 I 1478.60 15
200211 G 59.30 45 199811 I 1643.48
28 201103 R 1899.43 2 201207 G
1237.49 39 200411 I 1382.48 50 200412
G 1152.89 55 199702 R 939.31 13
201507 R 77.10 58 201606 I 227.46
0 201212 G 423.93 25 200103 G
776.56 32 200103 R 985.44 18 201002
G 214.11 55 200110 R 1146.78 33
201205 G 840.79 21 200905 I 554.65
54 201208 G 577.18 23 201007 R
1868.52 26 200204 I 1464.95 12 199901
R 1947.82 59 200510 G 1090.29 34
200911 I 1667.15 36 200704 I 1727.90
7 200910 R 261.98 16 201410 R
92.97 28 200310 I 1309.35 27 200812
R 1072.94 24 200304 I 693.63 27
201008 R 577.73 55 200302 G 1432.71
43 200407 G 831.62 36 200102 R
709.42 34 200305 I 816.15 33 200303
I 465.37 57 201001 I 1750.88 32
201007 G 1528.92 5 201304 G 1052.24
39 199905 I 1583.54 32 200410 G
39.16 16 200206 G 721.71 55 201711
I 1456.72 4 201805 G 974.18 7
199905 G 604.39 41 200502 G 1178.24
16 200205 I 1202.68 23 200405 R
320.16 13 200108 G 1140.18 24 201407
R 651.50 35 200506 R 403.34 57
200404 G 1627.12 30 200710 G 1587.11
30 200608 R 1634.54 55 200111 R
396.78 39 200303 G 647.70 51 201510
G 1971.22 33 200404 G 1309.12 50
201205 I 851.65 41 201407 I 868.32
18 201612 I 472.13 51 199711 I
1353.28 28 199901 I 1222.75 9 200604
G 736.13 13 200503 G 1224.44 10
201203 G 756.21 59 199806 I 1736.87
52 201410 D 1054.52 14 200011 G
-872.50 7 201505 G 716.75 45 201109
G 1307.85 13 201705 I 825.53 48
201706 R 1155.79 28 201205 G 1126.93
3 200907 R 1007.19 46 199706 I
821.69 25 199905 R 649.73 29 200309
I 1164.59 4 201705 R 1574.38 50
201602 R 1509.28 2 201704 R 1848.74
24 201511 G 1560.38 50 201605 R
1870.72 43 201003 R 403.32 28 200711
I 1168.67 10 200911 R 834.33 45
199702 R 841.29 47 200410 R 610.39
35 201812 G 1789.53 20 200805 G
1419.21 10 201212 G 1723.76 57 200310
R 434.40 3 201302 R 1688.54 5
200202 R 46.85 18 201412 G 1293.93
17 201709 G 39.29 32 201705 R
763.98 25 201002 R 1570.58 20 199706
I 1591.52 25 201412 R 713.64 26
200909 I 1864.76 20 201503 I 1007.44
19 200506 I 866.56 55 200307 R
1326.19 50 201110 S 1673.92 26 200306
R 1741.40 12 200303 R 361.94 27
200611 R 1634.84 7 200607 I 467.11
28 200211 G 210.19 15 200810 I
402.22 12 200511 R 1116.79 34 201508
I 1526.11 23 199907 R 1617.23 13
201206 I 1632.18 29 200611 I 1339.79
53 200202 R 257.35 30 201407 R
1982.36 47 201108 G 262.16 44 200602
G 1229.19 52 201404 I 1353.82 11
200307 I 835.81 43 201808 G 1678.93
18 200806 I 25.83 15 201108 G
1542.29 53 201208 R 1616.21 12 201110
G 1710.14 40 199804 R 314.40 10
200401 R 1679.25 17 201511 I 1744.78
13 199806 R 988.15 36 199705 I
889.18 53 200711 I 628.12 24 200909
I 650.35 16 200209 I 268.28 9
200705 I 1469.65 59 199709 I 309.49
57 200008 R 336.15 10 201402 G
144.58 68 201005 G 1304.32 24 201202
G 1460.84 57 200107 R 943.82 45
201004 I 221.71 19 200004 G 758.50
13 199804 R 1150.70 8 200503 I
1443.50 58 199802 G 298.96 7 201202
R 731.92 17 200410 I 630.39 30
199703 R 1968.76 29 201507 G 1751.14
10 201310 I 793.53 56 201407 I
1471.92 11 200911 R 1776.79 4 200401
G 950.11 8 199809 I 1599.13 29
201104 I 505.13 20 200909 I 1992.25
51 200106 I 1759.22 57 199911 G
82.16 15 200207 G 1373.38 58 201004
G 1854.13 26 201104 I 963.50 45
200202 I 452.83 47 200309 I 478.88
53 201610 I 1102.82 40 201711 I
1607.40 22 200908 G 1632.35 12 201402
G 1136.48 45 200608 I 803.13 40
201709 R 898.74 28 201310 R 743.77
6 200510 R 333.17 3 199905 G
1429.12 58 200607 I 1497.17 34 201112
R 64.19 21 199912 R 687.16 26
201711 G 357.83 40 201802 R 47.32
10 201004 R 678.18 39 200809 R
1400.29 3 199811 R 1747.64 39 200706
R 1828.18 28 199811 R 1296.15 40
200710 R 681.67 34 201704 G 191.43
43 201205 I 41.40 25 199905 I
1518.30 11 199905 I 479.70 0 201606
I 1898.57 22 201609 G 737.27 5
200708 R 497.87 55 200510 I 648.27
1 200404 G 1961.26 11 200508 R
585.72 56 199711 R 1615.13 12 199911
R 619.76 8 199910 G 1187.61 29
200701 I 18.44 26 200411 R 685.89
6 200805 G 281.44 7 194305 G
692.15 13 201306 G 53.86 53 201307
G 1825.66 10 200909 I 586.74 16
201110 I 1152.12 1 201303 G 176.43
12 199802 R 325.92 41 200409 G
403.62 20 200808 I 582.75 25 201406
R 1618.61 52 201408 R 152.89 14
200209 G 55.34 15 199807 I 1297.94
3 199805 R 801.16 26 201001 R
1407.55 52 201404 I 1119.54 19 201711
I 241.94 12 201001 G 1510.30 58
200205 I 883.11 17 199703 G 413.43
37 201308 I 582.96 17 200107 R
903.33 20 200303 G 1508.78 14 201407
I 1636.44 57 200501 G 1206.68 21
200208 G 115.16 9 201806 R 1567.45
18 199809 I 1562.27 8 200204 I
1855.23 32 199801 R 1664.12 25 199805
I 1207.16 9 201206 G 24.44 24
201508 R 590.22 20 200508 G 333.24
8 201807 R 1208.88 13 200511 I
414.18 54 201510 G 1848.33 57 200204
R 953.75 19 200208 R 129.52 30
201106 G 922.46 23 200509 I 984.73
38 201306 I 576.94 12 200208 G
1757.52 59 199808 G 1363.16 48 200003
G 351.38 12 200110 I 343.53 6
200303 I 586.47 0 200909 R 1905.28
28 201610 R 323.88 21 201603 G
1896.37 44 200311 G 619.95 54 201211
R 891.29 52 200306 I 756.82 24
200503 I 858.86 31 200010 R 1036.60
37 200106 I 1324.18 35 200008 G
148.70 3 199901 G 534.19 28 201303
G 1744.64 7 199707 I 1483.38 57
200005 G 912.75 12 200911 I 1008.27
55 200011 I 1084.88 23 200802 I
1182.72 53 200007 I 1809.35 16 200308
I 1971.10 54 200105 G 272.82 54
200210 R 653.31 1 201207 R 1677.90
53 200003 I 183.88 6 199807 I
677.48 52 201705 R 1159.85 1 200711
I 334.34 27 201305 R 1295.65 26
200911 R 827.45 54 200211 I 1869.25
21 200008 I 1088.91 24 201208 R
939.27 53 200209 R 1927.96 12 201701
R 1869.16 30 200105 R 1182.87 6
199909 G 1316.98 54 200602 G 313.12
6 201609 I 1640.79 33 200602 G
891.21 36 200407 G 1042.10 11 200206
I 301.51 0 200003 G 892.35 46
201601 I 1665.72 58 201204 G 518.16
37 200104 G 587.60 33 201207 I
899.58 3 199705 I 1126.95 9 200012
R 481.55 49 201311 I 1055.64 56
200005 G 1946.57 0 200102 G 663.51
17 201206 I 1398.73 6 201602 R
507.47 27 201603 I 1173.11 8 199906
I 1579.61 6 199706 I 1922.62 15
200701 R 497.30 1 200010 G 1883.19
51 200511 G 1245.51 15 200812 R
289.24 7 201407 R 731.19 50 200810
I 778.81 5 200006 I 304.95 15
200111 I 1220.41 39 201411 I 153.17
18 201411 I 1936.98 24 201506 G
977.86 32 200108 I 100.92 4 200705
R 187.62 57 199802 G 1486.78 15
200403 I 896.47 21 201603 I 1789.60
32 200403 R 1015.28 7 201211 R
798.89 48 200311 I 80.79 11 200605
R 1811.98 4 199803 G 347.46 1
200004 G 1761.50 54 200006 I 1949.22
3 200407 I 646.12 30 200007 G
885.85 31 200803 I 1736.59 6 200812
G 157.78 42 201704 I 801.12 16
200305 R 354.20 44 201210 R 737.25
27 201302 G 1993.14 53 201507 R
980.53 21 201201 I 344.69 19 200109
I 3.14 21 200611 R 1948.61 26
201701 G 331.14 4 201502 G 681.68
53 200102 G 1621.61 39 200805 I
1324.64 14 200602 G 21.71 51 199807
I 51.88 3 200701 I 263.52 7
200903 R 1496.13 44 201502 R 671.49
49 200605 I 1257.10 50 201710 R
174.18 12 200606 R 410.23 10 201406
R 1862.78 53 201303 R 1996.31 44
201401 G 723.46 3 200502 I 254.34
25 201107 I 408.30 22 199910 I
1993.39 2 200701 I 1302.81 20 200506
G 996.34 1 201411 R 708.97 4
201602 G 1865.56 45 200312 I 960.61
40 200412 R 1925.30 54 199905 I
577.10 48 200108 G 1307.86 11 201006
G 629.40 44 201307 R 721.32 27
200701 I 765.86 40 199702 G 966.48
50 201710 R 291.87 37 201702 I
1375.61 26 200702 I 157.12 44 201108
G 1595.90 29 201304 I 182.18 16
199805 I 859.25 29 200103 R 696.69
3 199809 G 89.93 8 200602 G
731.49 3 201405 I 587.38 54 201712
I 1438.80 28 200109 I 1638.47 53
201505 I 32.71 22 201305 G 1844.15
52 200803 R 1163.61 54 199712 I
328.52 5 201606 I 1276.15 37 201312
I 1535.39 21 199810 G 1571.98 45
201010 R 658.38 23 199810 R 874.40
36 200609 G 451.47 39 200611 R
1573.15 56 200504 I 1200.64 48 201309
R 348.96 27 200502 R 1891.25 29
200309 G 421.16 15 200410 G 1172.42
44 199706 G 109.13 3 201303 G
1897.90 18 200706 G 620.56 20 201601
I 414.30 39 200511 I 806.16 57
200507 G 726.29 56 199707 I 551.62
21 201707 R 1863.67 31 200102 R
2.35 35 201702 R 1713.52 9 200608
G 678.18 3 200111 G 332.27 26
200007 R 886.91 19 200504 I 1805.22
65 200109 R 828.21 21 200607 R
1512.68 34 200509 I 961.54 5 199804
I 23.60 16 200101 I 459.28 12
199810 R 1564.76 19 200002 R 886.34
59 199805 I 1690.52 40 200307 G
742.88 55 200104 G 491.17 20 201308
I 1866.87 46 199802 G 834.73 39
200207 R 1676.11 10 200612 I 189.69
1 200906 R 1248.16 11 201202 R
666.67 17 200603 G 47.55 20 201207
G 1496.35 50 200102 I 687.15 34
200004 R 1053.85 3 201107 R 1685.11
37 199906 R 1880.64 24 200409 R
1011.32 15 200502 I 510.79 43 200003
R 1821.36 54 201005 R 37.81 24
199804 R 449.50 38 200707 G 347.47
48 200007 G 1308.94 31 200306 G
1636.28 49 200209 R 324.15 18 200501
I 295.93 10 201702 I 443.62 58
199908 I 1765.89 49 200803 R 1743.42
34 200805 I 1431.52 44 201210 R
1117.39 30 200609 R 1964.45 41 201608
G 892.65 25 200902 I 1803.19 28
200503 I 1325.71 55 200502 G 1926.10
8 200709 R 1677.90 13 200306 G
1106.97 52 200307 G 550.12 33 201503
G 1194.72 51 200310 R 1851.71 22
200402 G 1661.18 31 200012 R 536.50
24 200003 G 156.70 45 200109 I
213.69 21 201009 I 1285.25 46 200610
I 253.86 34 199904 I 1090.86 44
200211 G 1584.13 39 201003 G 63.33
34 201508 G 1654.88 2 200506 G
1430.15 -1 200508 G 363.39 31 199809
I 296.97 27 201004 I 917.90 21
200807 G 1137.96 12 201206 R 518.27
5 201708 G 1897.64 44 200407 R
357.88 7 200003 R 1281.51 24 200706
R 667.72 8 200401 G 50.15 21
199706 I 1838.95 16 199910 I 1776.74
33 200105 G 1831.10 33 201205 R
1163.11 36 200504 R 361.55 17 200502
I 362.61 44 199901 R 778.90 4
199711 Q 418.16 50 199908 G 1726.57
53 201111 G 1595.19 36 201501 G
1872.18 51 201106 R 406.95 13 201508
G 1475.65 29 200910 G 1044.15 29
201011 R 839.88 9 200110 G 619.75
20 201004 G 899.81 3 201112 G
880.10 35 201708 R 390.46 32 200614
G 350.22 12 201110 R 904.65 27
200812 G 615.65 47 201305 I 1454.32
31 200610 R 1486.56 55 200708 R
1858.17 16 201605 R 539.67 17 200502
I 1328.10 9 200402 I 106.15 13
199702 G 301.53 4 201204 I 524.53
14 201409 G 1091.32 1 201003 G
621.78 57 200210 R 1067.57 52 200508
G 514.28 55 201401 I 676.35 20
201407 I 1406.59 22 200006 R 1460.34
29 200402 R 1046.93 14 201610 I
1685.57 31 199802 R 129.38 18 200505
G 1447.31 11 200808 G 1690.74 3
200410 R 615.42 36 200703 I 473.25
14 201207 G 1571.79 52 200812 G
128.61 12 200412 R 1984.86 39 201303
I 1123.80 57 201502 I 797.76 42
200909 G 547.23 40 200106 I 818.51
39 201111 I 1169.22 50 201004 G
794.46 44 201601 G 1346.25 16 200002
I 35.14 33 201304 I 328.29 9
201511 R 1247.24 22 200611 R 1517.76
13 201306 R 192.39 19 200507 G
509.61 5 200611 R 868.21 50 201307
R 1065.85 26 201408 I 1689.70 30
201609 R 1316.76 25 201510 G 579.56
19 199811 G 1567.54 21 201308 G
430.92 33 201309 R 1738.47 19 200005
G 521.71 49 200105 I 304.17 8
201408 R 130.13 29 200403 G 1180.10
57 200709 I 1235.59 19 201009 I
1474.19 56 201404 R 255.53 5 201009
I 1597.85 23 200706 R 730.58 56
199804 R 1970.55 43 200602 R 1056.57
32 199808 R 45.83 5 200106 I
1704.12 5 201405 G -872.50 39 200304
I 1134.25 38 199808 G 1544.41 52
200006 G 291.17 56 201501 G 881.26
26 201506 G 332.84 41 201611 G
1693.16 36 200710 G 1703.84 4 201406
I 1247.92 36 201504 I 963.19 43
201308 R 804.63 33 201506 R 1126.63
57 200309 R 695.25 59 199803 G
1084.52 39 201801 G 1947.88 34 200902
R 1431.78 49 201007 G 1530.38 26
201708 G 1116.89 44 200801 I 468.10
56 200202 G 1414.15 36 200706 R
1464.15 49 199809 G 22.16 26 200304
R 1146.58 7 201506 R 1511.94 14
200807 G 606.72 10 200109 I 1414.94
4 201010 G 367.81 20 201502 R
471.50 28 201408 I 1548.49 31 199806
R 1379.15 39 200708 I 1511.36 58
201603 G 130.98 13 200409 R 1740.33
50 201011 R 1827.32 43 201406 R
832.82 34 200404 I 1917.55 3 200202
G 1461.73 20 200204 R 1349.85 22
200509 R 1964.58 9 199710 I 1775.91
40 200302 I 681.23 48 201005 I
1434.10 53 199803 D 1589.65 54 201409
G 387.54 6 201104 I 1894.90 39
200702 I 1936.29 29 199904 R 1994.53
29 200805 I 1368.13 58 201003 R
1044.20 39 200504 G 1499.76 40 201312
R 193.85 55 200808 I 272.84 57
201505 R 1913.73 45 201106 I 11.21
33 201110 G 270.73 28 199910 I
1216.36 5 200309 I 1577.30 50 200608
R 1172.53 18 200103 I 603.80 49
200705 G 1281.37 37 200806 I 1232.69
35 200502 R 1084.33 8 199905 I
568.38 31 194302 R 1880.75 7 199906
I 692.73 45 201504 G 1099.35 17
200608 R 291.11 30 201211 G 1577.39
22 200803 G 1232.51 58 200409 R
1432.27 55 201104 I 735.71 38 201308
I 654.60 53 201506 I 1279.12 41
201810 I 901.38 32 200010 G 750.71
7 199802 G 1857.54 6 200403 I
429.40 29 200209 R 1406.65 55 201011
R 559.90 4 201811 I 1275.44 14
201806 R 1819.47 15 201201 I 978.10
13 201805 G 343.86 40 201208 R
936.45 37 200705 I 688.44 24 201203
I 1562.70 45 201603 G 1449.12 16
201410 I 994.67 47 201312 I 1439.33
47 200204 G 1553.18 43 200405 G
1456.93 22 199907 R 1569.96 20 200603
R 939.71 8 199908 G 486.93 16
200502 G 478.93 52 200604 R 1600.92
49 200510 I 258.56 11 200105 G
410.11 58 201607 G 1486.68 21 201405
G 1319.93 3 201003 G 590.16 14
200808 G 412.38 32 201607 G 166.26
11 201512 R 1191.50 50 201710 R
1997.98 43 200512 R 1299.69 32 200711
G 1583.97 11 201307 I 1788.73 6
201602 I 1853.38 28 201802 G 854.22
20 200510 R 1200.63 53 201403 G
542.96 28 200209 R 841.41 32 200906
I 1994.53 52 200312 G -872.50 26
201207 I 500.19 21 199905 I 1494.63
31 200611 I 1156.72 46 200103 R
948.41 23 200110 R 1779.49 39 200802
I 1395.13 2 200510 G 279.44 48
199707 R 282.42 7 199910 G 378.48
3 201705 I 1538.11 3 201211 G
666.77 9 201706 G 1982.85 54 201109
R 709.15 52 201210 I 1516.75 45
200711 I 1707.19 51 201411 I 533.26
10 200111 G 1517.89 19 201102 I
1314.69 39 200303 I 569.72 11 200707
G 862.74 29 200404 G 1803.97 10
200804 I 1257.40 17 199803 G 891.15
31 201604 G 1050.52 24 200410 I
1421.40 42 200109 G 1864.81 43 199705
I 646.28 29 200202 G 848.25 20
200411 I 71.31 50 200111 I 177.98
46 200607 G 1569.47 3 201606 I
1090.61 19 201711 G 932.71 38 201807
R 113.35 27 200609 G 1684.94 19
200608 R 210.58 44 200310 I 1575.97
58 199709 G 1201.81 23 200605 R
610.58 26 200902 G 240.58 36 201005
I 1979.38 16 201505 I 512.22 56
199811 G 1377.45 51 200509 G 224.46
34 200211 R 1481.48 57 200507 G
725.30 38 201612 I 1929.40 52 201606
I 326.73 4 201003 I 1166.53 44
201004 I 1634.38 7 199806 R 531.63
28 199901 R 259.63 21 201608 I
1585.42 5 201207 R 658.95 7 199911
R 1924.86 
